store_data = [
    ("Store A", "New York"),
    ("Store B", "Los Angeles"),
    ("Store C", "Chicago"),
    ("Store D", "San Francisco"),
    ("Store E", "Miami"),
    ("Store F", "Dallas"),
    ("Store G", "Seattle"),
    ("Store H", "Boston"),
    ("Store I", "Austin"),
    ("Store J", "Denver"),
    ("Store K", "Portland"),
    ("Store L", "Las Vegas"),
    ("Store M", "San Diego"),
    ("Store N", "Phoenix"),
    ("Store O", "Detroit"),
    ("Store P", "Atlanta"),
    ("Store Q", "Charlotte"),
    ("Store R", "Orlando"),
    ("Store S", "Houston"),
    ("Store T", "Philadelphia"),
    ("Store U", "Indianapolis"),
    ("Store V", "Columbus"),
    ("Store W", "San Antonio"),
    ("Store X", "Cleveland"),
    ("Store Y", "Minneapolis"),
    ("Store Z", "Salt Lake City")
]

product_prices = {
    "Pasta": [2.99, 3.20, 2.85, 2.90, 3.10, 2.95, 3.00, 3.10, 3.20, 3.00, 3.05, 2.95, 3.15, 3.00, 3.10, 3.20, 3.00, 3.10, 3.05, 3.00, 2.95, 3.10, 3.05, 3.00],
    "Sauce": [1.99, 2.10, 1.95, 2.00, 2.05, 2.00, 2.10, 2.00, 1.95, 2.00, 2.05, 1.95, 2.10, 2.05, 2.00, 2.00, 2.05, 2.00, 2.10, 2.00, 2.05, 2.10, 1.95, 2.00],
    "Bread": [1.29, 1.35, 1.25, 1.30, 1.20, 1.25, 1.30, 1.35, 1.25, 1.20, 1.30, 1.35, 1.25, 1.20, 1.30, 1.25, 1.20, 1.30, 1.35, 1.25, 1.30, 1.20, 1.35, 1.25],
    "Rice": [3.59, 3.70, 3.50, 3.60, 3.55, 3.65, 3.60, 3.50, 3.55, 3.60, 3.65, 3.50, 3.60, 3.55, 3.50, 3.60, 3.65, 3.50, 3.55, 3.60, 3.65, 3.55, 3.50, 3.60],
    "Tomato": [1.00, 1.39, 1.25, 1.35, 1.30, 1.40, 1.20, 1.30, 1.25, 1.35, 1.30, 1.40, 1.25, 1.30, 1.35, 1.25, 1.30, 1.35, 1.20, 1.25, 1.30, 1.35, 1.40, 1.25],
    "Cheese": [4.99, 5.10, 4.80, 5.00, 5.05, 5.20, 4.95, 5.00, 5.10, 4.90, 5.05, 4.95, 5.00, 5.10, 4.80, 5.05, 5.00, 4.95, 5.10, 4.90, 5.00, 5.20, 4.95, 5.00],
    "Milk": [2.59, 2.69, 2.55, 2.60, 2.50, 2.70, 2.55, 2.65, 2.60, 2.50, 2.60, 2.55, 2.70, 2.60, 2.50, 2.60, 2.55, 2.65, 2.50, 2.60, 2.55, 2.70, 2.60, 2.55],
    "Eggs": [3.19, 3.30, 3.10, 3.20, 3.15, 3.25, 3.00, 3.10, 3.20, 3.15, 3.10, 3.25, 3.20, 3.10, 3.15, 3.20, 3.10, 3.25, 3.00, 3.20, 3.15, 3.10, 3.25, 3.10],
    "Flour": [1.99, 2.10, 1.90, 2.00, 1.95, 2.05, 1.90, 2.00, 1.95, 1.90, 2.00, 2.05, 1.95, 2.00, 1.95, 2.05, 2.00, 1.90, 2.05, 1.90, 2.00, 2.05, 1.90, 2.00],
    "Olive Oil": [5.99, 6.10, 5.85, 6.00, 5.95, 6.20, 5.90, 6.00, 6.05, 5.90, 6.00, 6.20, 5.85, 6.00, 5.95, 6.10, 6.00, 5.90, 6.20, 5.85, 6.05, 6.10, 6.00, 5.95],
    "Sugar": [2.49, 2.60, 2.40, 2.50, 2.45, 2.55, 2.50, 2.45, 2.40, 2.50, 2.55, 2.40, 2.50, 2.45, 2.55, 2.40, 2.50, 2.45, 2.50, 2.55, 2.40, 2.50, 2.45, 2.40],
    "Salt": [0.99, 1.10, 0.95, 1.00, 1.05, 1.00, 1.10, 1.00, 0.95, 1.05, 1.00, 1.10, 0.95, 1.00, 1.05, 1.00, 1.10, 0.95, 1.00, 1.05, 1.10, 1.00, 0.95, 1.05],
    "Pepper": [1.49, 1.60, 1.40, 1.50, 1.45, 1.55, 1.50, 1.45, 1.40, 1.50, 1.55, 1.40, 1.50, 1.45, 1.55, 1.50, 1.45, 1.40, 1.55, 1.50, 1.45, 1.40, 1.50, 1.45],
    "Cucumber": [1.29, 1.39, 1.19, 1.29, 1.25, 1.34, 1.20, 1.30, 1.25, 1.19, 1.29, 1.34, 1.25, 1.20, 1.29, 1.34, 1.19, 1.30, 1.25, 1.29, 1.19, 1.34, 1.30, 1.25],
    "Carrot": [1.49, 1.59, 1.45, 1.50, 1.55, 1.60, 1.50, 1.55, 1.45, 1.50, 1.60, 1.45, 1.50, 1.55, 1.60, 1.45, 1.50, 1.55, 1.45, 1.60, 1.50, 1.45, 1.55, 1.60],
    "Lettuce": [2.29, 2.39, 2.15, 2.20, 2.30, 2.40, 2.25, 2.35, 2.20, 2.30, 2.40, 2.25, 2.20, 2.30, 2.25, 2.35, 2.20, 2.30, 2.25, 2.40, 2.35, 2.20, 2.30, 2.25],
    "Chicken": [5.99, 6.10, 5.90, 6.00, 6.05, 6.20, 5.95, 6.00, 6.10, 5.90, 6.05, 6.20, 5.95, 6.00, 6.10, 6.05, 6.20, 5.95, 6.00, 6.10, 6.05, 6.00, 5.95, 6.10],
    "Beef": [7.99, 8.10, 7.80, 8.00, 8.05, 8.20, 7.95, 8.00, 8.10, 7.90, 8.05, 8.20, 7.95, 8.00, 8.10, 8.05, 8.20, 7.95, 8.00, 8.10, 8.05, 8.00, 7.95, 8.10],
    "Fish": [6.49, 6.60, 6.30, 6.40, 6.50, 6.70, 6.45, 6.40, 6.60, 6.50, 6.40, 6.70, 6.45, 6.60, 6.50, 6.40, 6.60, 6.45, 6.70, 6.50, 6.40, 6.60, 6.45, 6.50],
    "Shrimp": [8.99, 9.10, 8.80, 8.90, 9.00, 9.20, 8.85, 8.90, 9.10, 8.95, 9.00, 9.20, 8.85, 8.90, 9.10, 8.95, 9.20, 8.90, 9.00, 9.10, 8.85, 9.00, 8.90, 9.10],
    "Apple": [0.99, 1.09, 0.89, 0.95, 1.00, 1.10, 1.05, 1.00, 1.09, 1.05, 1.00, 1.10, 1.05, 0.95, 1.09, 1.05, 1.10, 1.00, 0.95, 1.05, 1.10, 1.00, 1.09, 1.05],
    "Banana": [1.19, 1.29, 1.10, 1.15, 1.25, 1.30, 1.20, 1.25, 1.30, 1.15, 1.20, 1.30, 1.25, 1.10, 1.29, 1.25, 1.30, 1.20, 1.25, 1.30, 1.20, 1.15, 1.30, 1.20],
    "Orange": [1.29, 1.39, 1.20, 1.25, 1.30, 1.40, 1.25, 1.30, 1.35, 1.25, 1.30]  
